70,35
3,2
3,1
3,3
10,77
10,163
10,65
10,267
10,31
10,17
10,197
10,229
11,13
8,5
8,7
8,6
8,2
8,3
67,4
67,3
67,2
67,1
67,0
66,5
66,4
66,3
66,2
66,1
66,0
65,5
65,4
65,3
65,2
65,1
65,0
64,4
64,3
64,2
64,1
64,0
63,4
63,3
63,2
63,1
63,0
62,5
62,4
62,3
62,2
62,1
62,0
61,4
61,3
61,2
61,1
61,0
60,4
60,3
60,2
60,1
60,0
59,4
59,3
59,2
59,1
59,0
58,3
58,2
58,1
58,0
20,3
20,2
20,1
19,3
19,2
19,1
18,3
18,1
14,3
14,1
13,3
13,1
12,3
12,2
12,1
11,27
11,25
11,23
11,21
11,19
11,17
11,15
11,11
11,9
11,7
11,5
11,3
11,2
11,1
2,2
10,299
2,1
10,293
10,281
2,3
10,239
10,217
10,195
10,185
10,183
10,145
10,131
10,119
10,109
10,107
10,101
